10,120
10,228
10,274
10,34
10,232
10,288
11,10
11,26
8,8
8,12
8,7
8,16
8,4
8,2
8,3
2,1
2,3
174,4
174,3
174,1
172,3
172,1
171,3
171,1
134,3
134,1
20,3
20,2
20,1
19,3
19,2
19,1
18,3
18,1
17,3
17,2
17,1
16,3
16,2
16,1
15,3
15,2
15,1
14,3
14,2
14,1
13,3
13,2
13,1
12,3
12,2
12,1
11,29
11,28
11,27
11,25
11,24
11,22
11,21
11,20
11,19
11,18
11,17
11,16
11,15
11,14
11,12
11,9
11,8
11,7
11,6
11,5
11,4
11,3
11,2
11,1
10,313
10,312
10,298
10,293
10,285
10,283
10,281
10,279
10,277
10,260
10,256
10,234
10,226
10,222
10,206
10,204
10,194
10,186
10,184
10,164
10,162
10,158
10,147
10,145
10,138
10,134
10,128
10,118
10,114
10,111
10,109
10,87
10,85
10,76
10,75
10,35
10,33
10,28
10,20
10,3
